1.2 0.61497
1.21 0.687884
1.22 0.758117
1.23 0.825527
1.24 0.888979
1.25 0.948546
1.26 1.00301
1.27 1.05263
1.28 1.09617
1.29 1.13408
1.3 1.16514
1.31 1.18996
1.32 1.20739
1.33 1.21818
1.34 1.22131
1.35 1.21763
1.36 1.20628
1.37 1.18817
1.38 1.16266
1.39 1.13067
1.4 1.09178
1.41 1.04693
1.42 0.995905
1.43 0.939632
1.44 0.878101
1.45 0.812208
1.46 0.74213
1.47 0.668714
1.48 0.592295
1.49 0.513658
1.5 0.43326
1.51 0.351814
1.52 0.269863
1.53 0.188037
1.54 0.106918
1.55 0.0270542
1.56 -0.0509786
1.57 -0.126719
1.58 -0.199638
1.59 -0.269361
1.6 -0.335446
1.61 -0.397604
1.62 -0.455508
1.63 -0.508955
1.64 -0.557757
1.65 -0.601793
1.66 -0.641024
1.67 -0.67541
1.68 -0.70506
1.69 -0.730012
1.7 -0.75051
1.71 -0.766665
1.72 -0.778836
1.73 -0.7872
1.74 -0.792195
1.75 -0.794058
1.76 -0.793271
1.77 -0.790114
1.78 -0.785075
1.79 -0.778463
1.8 -0.770728
1.81 -0.762189
1.82 -0.753224
1.83 -0.744143
1.84 -0.735217
1.85 -0.726724
1.86 -0.718815
1.87 -0.711707
1.88 -0.705424
1.89 -0.700101
1.9 -0.695641
1.91 -0.692074
1.92 -0.689207
1.93 -0.686945
1.94 -0.685032
1.95 -0.683239
1.96 -0.681291
1.97 -0.678819
1.98 -0.67558
1.99 -0.671071
2 -0.665131
2.01 -0.657141
2.02 -0.64707
2.03 -0.634208
2.04 -0.61869
2.05 -0.599757
2.06 -0.577731
2.07 -0.551851
2.08 -0.52263
2.09 -0.489361
2.1 -0.452731
2.11 -0.412146
2.12 -0.368428
2.13 -0.321155
2.14 -0.271227
2.15 -0.218447
2.16 -0.163721
2.17 -0.107122
2.18 -0.0494769
2.19 0.00883989
2.2 0.0671639
2.21 0.124815
2.22 0.181355
2.23 0.235837
2.24 0.288079
2.25 0.336937
2.26 0.382498
2.27 0.4235
2.28 0.460295
2.29 0.491599
2.3 0.518002
2.31 0.53829
2.32 0.553258
2.33 0.561842
2.34 0.564995
2.35 0.561868
2.36 0.553519
2.37 0.539359
2.38 0.520493
2.39 0.496612
2.4 0.468808
2.41 0.437048
2.42 0.402355
2.43 0.364945
2.44 0.325723
2.45 0.285101
2.46 0.243831
2.47 0.202455
2.48 0.161546
2.49 0.1217
2.5 0.0832981
2.51 0.0469179
2.52 0.0127453
2.53 -0.0187285
2.54 -0.0475021
2.55 -0.0732235
2.56 -0.0960566
2.57 -0.115822
2.58 -0.132822
2.59 -0.147062
2.6 -0.158947
2.61 -0.168657
2.62 -0.176665
2.63 -0.183291
2.64 -0.189038
2.65 -0.194319
2.66 -0.199626
2.67 -0.205409
2.68 -0.212113
2.69 -0.220161
2.7 -0.22992
2.71 -0.241728
2.72 -0.255847
2.73 -0.272483
2.74 -0.291771
2.75 -0.313757
2.76 -0.338437
2.77 -0.365685
2.78 -0.395352
2.79 -0.427154
2.8 -0.460802
2.81 -0.495885
2.82 -0.531989
2.83 -0.568624
2.84 -0.605271
2.85 -0.641427
2.86 -0.676495
2.87 -0.710027
2.88 -0.741382
2.89 -0.770231
2.9 -0.795933
2.91 -0.818327
2.92 -0.836815
2.93 -0.851444
2.94 -0.8617
2.95 -0.867848
2.96 -0.869501
2.97 -0.867129
2.98 -0.860509
2.99 -0.850277
3 -0.836396
3.01 -0.819611
3.02 -0.800084
3.03 -0.778592
3.04 -0.755496
3.05 -0.73152
3.06 -0.707203
3.07 -0.683136
3.08 -0.660001
3.09 -0.638184
3.1 -0.618457
3.11 -0.600949
3.12 -0.586457
3.13 -0.574828
3.14 -0.566811
3.15 -0.561977
3.16 -0.560948
3.17 -0.563058
3.18 -0.568724
3.19 -0.577114
3.2 -0.588375
3.21 -0.601602
3.22 -0.616617
3.23 -0.63256
3.24 -0.648895
3.25 -0.66492
3.26 -0.679743
3.27 -0.692931
3.28 -0.703258
3.29 -0.710639
3.3 -0.713612
3.31 -0.712451
3.32 -0.70559
3.33 -0.693646
3.34 -0.675083
3.35 -0.650828
3.36 -0.619507
3.37 -0.582294
3.38 -0.538097
3.39 -0.48826
3.4 -0.432063
3.41 -0.370932
3.42 -0.304576
3.43 -0.234411
3.44 -0.16059
3.45 -0.0844356
3.46 -0.00652027
3.47 0.0720101
3.48 0.150222
3.49 0.227209
3.5 0.30177
3.51 0.373284
3.52 0.440398
3.53 0.5028
3.54 0.559108
3.55 0.609328
3.56 0.652171
3.57 0.687945
3.58 0.715564
3.59 0.735608
3.6 0.747279
3.61 0.751385
3.62 0.747471
3.63 0.736518
3.64 0.718433
3.65 0.694311
3.66 0.664404
3.67 0.62986
3.68 0.591225
3.69 0.54964
3.7 0.505869
3.71 0.460989
3.72 0.41589
3.73 0.371533
3.74 0.328831
3.75 0.288592
3.76 0.251648
3.77 0.218626
3.78 0.190187
3.79 0.166755
3.8 0.148757
3.81 0.136404
3.82 0.129848
3.83 0.129086
3.84 0.133987
3.85 0.144345
3.86 0.159768
3.87 0.179863
3.88 0.204028
3.89 0.231709
3.9 0.262165
3.91 0.294715
3.92 0.328565
3.93 0.362943
3.94 0.397092
3.95 0.430193
3.96 0.461612
3.97 0.490524
3.98 0.516492
3.99 0.538733
4 0.557052
4.01 0.570753
4.02 0.579912
4.03 0.583957
4.04 0.583228
4.05 0.577314
4.06 0.566788
4.07 0.551425
4.08 0.531975
4.09 0.508416
4.1 0.481598
4.11 0.451708
4.12 0.41961
4.13 0.385693
4.14 0.350749
4.15 0.315344
4.16 0.28012
4.17 0.24579
4.18 0.212777
4.19 0.181898
4.2 0.153314
4.21 0.127894
4.22 0.105519
4.23 0.0870559
4.24 0.0721119
4.25 0.061494
4.26 0.0545715
4.27 0.0520394
4.28 0.0530837
4.29 0.0582418
4.3 0.0665893
4.31 0.0784706
4.32 0.0929337
4.33 0.110107
4.34 0.129096
4.35 0.149806
4.36 0.171476
4.37 0.193798
4.38 0.21621
4.39 0.238214
4.4 0.259484
4.41 0.279392
4.42 0.297843
4.43 0.314149
4.44 0.328429
4.45 0.340002
4.46 0.349166
4.47 0.355307
4.48 0.358865
4.49 0.359336
4.5 0.357253
4.51 0.352258
4.52 0.34493
4.53 0.335067
4.54 0.323252
4.55 0.309439
4.56 0.294173
4.57 0.27755
4.58 0.260048
4.59 0.241875
4.6 0.223422
4.61 0.204974
4.62 0.186822
4.63 0.169294
4.64 0.152576
4.65 0.137003
4.66 0.122659
4.67 0.109854
4.68 0.0985823
4.69 0.0891032
4.7 0.0813334
4.71 0.0754664
4.72 0.0713581
4.73 0.0691273
4.74 0.0685869
4.75 0.0697806
4.76 0.0724949
4.77 0.0767053
4.78 0.0821868
4.79 0.0888584
4.8 0.0964962
4.81 0.104977
4.82 0.114089
4.83 0.123682
4.84 0.133562
4.85 0.14357
4.86 0.153531
4.87 0.163291
4.88 0.172699
4.89 0.181616
4.9 0.189914
4.91 0.197477
4.92 0.204198
4.93 0.209991
4.94 0.21477
4.95 0.218483
4.96 0.221057
4.97 0.222476
4.98 0.222685
4.99 0.2217
5 0.219482
5.01 0.216079
5.02 0.211466
5.03 0.205724
5.04 0.198842
5.05 0.190929
5.06 0.181995
5.07 0.172166
5.08 0.161477
5.09 0.150071
5.1 0.138005
5.11 0.125432
5.12 0.112437
5.13 0.0991712
5.14 0.0857498
5.15 0.0723106
5.16 0.0589997
5.17 0.0459308
5.18 0.033277
5.19 0.0211165
5.2 0.00964456
5.21 -0.00110687
5.22 -0.0109291
5.23 -0.0198443
5.24 -0.0276416
5.25 -0.034402
5.26 -0.0399259
5.27 -0.0443531
5.28 -0.0475105
5.29 -0.0495908
5.3 -0.0504634
5.31 -0.0503618
5.32 -0.049213
5.33 -0.0472737
5.34 -0.0445413
5.35 -0.0412733
5.36 -0.037546
5.37 -0.0335924
5.38 -0.0295714
5.39 -0.0256652
5.4 -0.022112
5.41 -0.019019
5.42 -0.0166936
5.43 -0.0151483
5.44 -0.0147417
5.45 -0.01538
5.46 -0.0174482
5.47 -0.0207486
5.48 -0.025648
5.49 -0.0318692
5.5 -0.0397177
5.51 -0.0488605
5.52 -0.0595083
5.53 -0.0712973
5.54 -0.0843195
5.55 -0.0982073
5.56 -0.112921
5.57 -0.128117
5.58 -0.143623
5.59 -0.159145
5.6 -0.174392
5.61 -0.18914
5.62 -0.203002
5.63 -0.215845
5.64 -0.227219
5.65 -0.237089
5.66 -0.244986
5.67 -0.250977
5.68 -0.254615
5.69 -0.256068
5.7 -0.254951
5.71 -0.251524
5.72 -0.245502
5.73 -0.237219
5.74 -0.226516
5.75 -0.213785
5.76 -0.199005
5.77 -0.182603
5.78 -0.1647
5.79 -0.145732
5.8 -0.125947
5.81 -0.10577
5.82 -0.0855504
5.83 -0.0656777
5.84 -0.046567
5.85 -0.028554
5.86 -0.0120776
5.87 0.00259749
5.88 0.0150525
5.89 0.025106
5.9 0.0324014
5.91 0.0368488
5.92 0.038189
5.93 0.0364269
5.94 0.0314265
5.95 0.0232865
5.96 0.0120064
5.97 -0.00222599
5.98 -0.019277
5.99 -0.0388791
6 -0.0607796
6.01 -0.084643
6.02 -0.110126
6.03 -0.13684
6.04 -0.164387
6.05 -0.192345
6.06 -0.220305
6.07 -0.247827
6.08 -0.274536
6.09 -0.299997
6.1 -0.323908
6.11 -0.345858
6.12 -0.365654
6.13 -0.382929
6.14 -0.397619
6.15 -0.409418
6.16 -0.418402
6.17 -0.424343
6.18 -0.427449
6.19 -0.427581
6.2 -0.425063
6.21 -0.419852
6.22 -0.412354
6.23 -0.402623
6.24 -0.391111
6.25 -0.377965
6.26 -0.363635
6.27 -0.348353
6.28 -0.332525
6.29 -0.316449
6.3 -0.300446
6.31 -0.28486
6.32 -0.269901
6.33 -0.255929
6.34 -0.243023
6.35 -0.231536
6.36 -0.221408
6.37 -0.212955
6.38 -0.205994
6.39 -0.200775
6.4 -0.197013
6.41 -0.194871
6.42 -0.193996
6.43 -0.194449
6.44 -0.195852
6.45 -0.198152
6.46 -0.200992
6.47 -0.204206
6.48 -0.207501
6.49 -0.210609
6.5 -0.213337
6.51 -0.215332
6.52 -0.216529
6.53 -0.216518
6.54 -0.215374
6.55 -0.212662
6.56 -0.208591
6.57 -0.202756
6.58 -0.195463
6.59 -0.186382
6.6 -0.175886
6.61 -0.163754
6.62 -0.150388
6.63 -0.135694
6.64 -0.120071
6.65 -0.103558
6.66 -0.0865165
6.67 -0.0691102
6.68 -0.0516367
6.69 -0.0343622
6.7 -0.0175003
6.71 -0.00138931
6.72 0.0138542
6.73 0.0278564
6.74 0.040602
6.75 0.0517209
6.76 0.0612955
6.77 0.068996
6.78 0.0749921
6.79 0.0790257
6.8 0.0813377
6.81 0.0817636
6.82 0.0805963
6.83 0.0777765
6.84 0.0736269
6.85 0.068194
6.86 0.0618079
6.87 0.0546104
6.88 0.0469181
6.89 0.038948
6.9 0.0309846
6.91 0.0232933
6.92 0.0161116
6.93 0.00972269
6.94 0.00430555
6.95 0.000130475
6.96 -0.0026889
6.97 -0.00392355
6.98 -0.00352772
6.99 -0.00133624
7 0.00263005
7.01 0.00845764
7.02 0.0160639
7.03 0.0254508
7.04 0.0364814
7.05 0.0490768
7.06 0.0630556
7.07 0.0782696
7.08 0.0945045
7.09 0.111562
7.1 0.129206
7.11 0.147213
7.12 0.165338
7.13 0.183355
7.14 0.201024
7.15 0.218144
7.16 0.234488
7.17 0.2499
7.18 0.264181
7.19 0.277234
7.2 0.288894
7.21 0.299136
7.22 0.307834
7.23 0.315035
7.24 0.320656
7.25 0.324814
7.26 0.327469
7.27 0.328792
7.28 0.328788
7.29 0.327663
7.3 0.325467
7.31 0.322417
7.32 0.3186
7.33 0.314228
7.34 0.309414
7.35 0.304344
7.36 0.29915
7.37 0.293974
7.38 0.288956
7.39 0.284185
7.4 0.279796
7.41 0.275818
7.42 0.272373
7.43 0.269433
7.44 0.267094
7.45 0.26528
7.46 0.264052
7.47 0.263298
7.48 0.263041
7.49 0.263151
7.5 0.263606
7.51 0.264276
7.52 0.265096
7.53 0.265955
7.54 0.266749
7.55 0.2674
7.56 0.26777
7.57 0.267827
7.58 0.267411
7.59 0.266541
7.6 0.265046
7.61 0.262996
7.62 0.260223
7.63 0.256843
7.64 0.252702
7.65 0.247953
7.66 0.242472
7.67 0.236428
7.68 0.229741
7.69 0.22258
7.7 0.214913
7.71 0.206899
7.72 0.19855
7.73 0.190003
7.74 0.181313
7.75 0.172587
7.76 0.163914
7.77 0.155365
7.78 0.147051
7.79 0.139012
7.8 0.131368
7.81 0.124124
7.82 0.117404
7.83 0.111181
7.84 0.105571
7.85 0.100523
7.86 0.0961369
7.87 0.0923426
7.88 0.0892228
7.89 0.0866932
7.9 0.0848155
7.91 0.0834991
7.92 0.0827844
7.93 0.08258
7.94 0.0829066
7.95 0.0836764
7.96 0.0848931
7.97 0.0864757
7.98 0.0884137
7.99 0.0906347
8 0.0931173
8.01 0.0957978
8.02 0.0986465
8.03 0.101608
8.04 0.104645
8.05 0.107711
8.06 0.110761
8.07 0.113754
8.08 0.116642
8.09 0.119383
8.1 0.121928
8.11 0.124235
8.12 0.126251
8.13 0.127934
8.14 0.129229
8.15 0.130093
8.16 0.130472
8.17 0.13032
8.18 0.12959
8.19 0.128236
8.2 0.126218
8.21 0.123493
8.22 0.120035
8.23 0.115807
8.24 0.110802
8.25 0.104992
8.26 0.0983935
8.27 0.0909916
8.28 0.0828306
8.29 0.0739134
8.3 0.0643111
8.31 0.05405
8.32 0.0432258
8.33 0.0318923
8.34 0.0201639
8.35 0.00812516
8.36 -0.004099
8.37 -0.0163919
8.38 -0.0286292
8.39 -0.0406626
8.4 -0.0523813
8.41 -0.0636078
8.42 -0.0742583
8.43 -0.0841317
8.44 -0.0931839
8.45 -0.101197
8.46 -0.108179
8.47 -0.113904
8.48 -0.118438
8.49 -0.121561
8.5 -0.123397
8.51 -0.123747
8.52 -0.122791
8.53 -0.12036
8.54 -0.116683
8.55 -0.111635
8.56 -0.105479
8.57 -0.098144
8.58 -0.0899083
8.59 -0.0807648
8.6 -0.0709841
8.61 -0.0606263
8.62 -0.049933
8.63 -0.0390309
8.64 -0.028111
8.65 -0.0173616
8.66 -0.00690454
8.67 0.00301991
8.68 0.0123725
8.69 0.0208749
8.7 0.0285769
8.71 0.0351801
8.72 0.0408219
8.73 0.0452034
8.74 0.0485374
8.75 0.0505548
8.76 0.0515162
8.77 0.0512088
8.78 0.0499155
8.79 0.0474945
8.8 0.0442297
8.81 0.0400552
8.82 0.0352365
8.83 0.0297805
8.84 0.0239174
8.85 0.0177165
8.86 0.0113601
8.87 0.00496328
8.88 -0.00134737
8.89 -0.00743122
8.9 -0.0132207
8.91 -0.0185712
8.92 -0.0234725
8.93 -0.0277964
8.94 -0.0315839
8.95 -0.0347406
8.96 -0.0373492
8.97 -0.0393608
8.98 -0.0408875
8.99 -0.0419313
9 -0.0426204
9.01 -0.0430061
9.02 -0.0432184
9.03 -0.0433499
9.04 -0.0435196
9.05 -0.0438473
9.06 -0.0444297
9.07 -0.0453968
9.08 -0.0468136
9.09 -0.0488019
9.1 -0.0513887
9.11 -0.0546699
9.12 -0.0586318
9.13 -0.0633297
9.14 -0.0687097
9.15 -0.0747771
9.16 -0.0814411
9.17 -0.0886545
9.18 -0.0962956
9.19 -0.104269
9.2 -0.112431
9.21 -0.120647
9.22 -0.128763
9.23 -0.136623
9.24 -0.144071
9.25 -0.150951
9.26 -0.157117
9.27 -0.162433
9.28 -0.166777
9.29 -0.170051
9.3 -0.172166
9.31 -0.173081
9.32 -0.172748
9.33 -0.171191
9.34 -0.168412
9.35 -0.1645
9.36 -0.159514
9.37 -0.153599
9.38 -0.14687
9.39 -0.139516
9.4 -0.131708
9.41 -0.123655
9.42 -0.115574
9.43 -0.107672
9.44 -0.100202
9.45 -0.0933408
9.46 -0.0873612
9.47 -0.0823858
9.48 -0.078691
9.49 -0.0763225
9.5 -0.0755414
9.51 -0.0763039
9.52 -0.078835
9.53 -0.082998
9.54 -0.0889618
9.55 -0.0965045
9.56 -0.105721
9.57 -0.116323
9.58 -0.128316
9.59 -0.141374
9.6 -0.155405
9.61 -0.170077
9.62 -0.185202
9.63 -0.200477
9.64 -0.215624
9.65 -0.230409
9.66 -0.244474
9.67 -0.257685
9.68 -0.269628
9.69 -0.280294
9.7 -0.289237
9.71 -0.296583
9.72 -0.301889
9.73 -0.305415
9.74 -0.306754
9.75 -0.30628
9.76 -0.303659
9.77 -0.29935
9.78 -0.293119
9.79 -0.285469
9.8 -0.276294
9.81 -0.266089
9.82 -0.254889
9.83 -0.243132
9.84 -0.231001
9.85 -0.21883
9.86 -0.206929
9.87 -0.195505
9.88 -0.184957
9.89 -0.175354
9.9 -0.167139
9.91 -0.160245
9.92 -0.155106
9.93 -0.151534
9.94 -0.149906
9.95 -0.149935
9.96 -0.151902
9.97 -0.155449
9.98 -0.160732
9.99 -0.167356
10 -0.175342
10.01 -0.18429
10.02 -0.194086
10.03 -0.204359
10.04 -0.21488
10.05 -0.225335
10.06 -0.23541
10.07 -0.244871
10.08 -0.253358
10.09 -0.260734
10.1 -0.266634
10.11 -0.271026
10.12 -0.273588
10.13 -0.274387
10.14 -0.273181
10.15 -0.270131
10.16 -0.2651
10.17 -0.258329
10.18 -0.2498
10.19 -0.239814
10.2 -0.228471
10.21 -0.216108
10.22 -0.20293
10.23 -0.189282
10.24 -0.175446
10.25 -0.161753
10.26 -0.148523
10.27 -0.136049
10.28 -0.124647
10.29 -0.114551
10.3 -0.106032
10.31 -0.0992484
10.32 -0.0943898
10.33 -0.0915266
10.34 -0.0907408
10.35 -0.0920084
10.36 -0.0952916
10.37 -0.100471
10.38 -0.107391
10.39 -0.115843
10.4 -0.12557
10.41 -0.136286
10.42 -0.147665
10.43 -0.159358
10.44 -0.171012
10.45 -0.182236
10.46 -0.192697
10.47 -0.201988
10.48 -0.209839
10.49 -0.215857
10.5 -0.219875
10.51 -0.221541
10.52 -0.220821
10.53 -0.217434
10.54 -0.21149
10.55 -0.202804
10.56 -0.191627
10.57 -0.177889
10.58 -0.161962
10.59 -0.143906
10.6 -0.124173
10.61 -0.10296
10.62 -0.0807467
10.63 -0.0578626
10.64 -0.0347614
10.65 -0.0118865
10.66 0.0103923
10.67 0.0315422
10.68 0.0513289
10.69 0.0691661
10.7 0.0849929
10.71 0.098213
10.72 0.108959
10.73 0.116672
10.74 0.121677
10.75 0.123502
10.76 0.122641
10.77 0.118753
10.78 0.112456
10.79 0.10358
10.8 0.0928047
10.81 0.0801583
10.82 0.0663061
10.83 0.0514876
10.84 0.036279
10.85 0.0211234
10.86 0.00643645
10.87 -0.00715942
10.88 -0.019467
10.89 -0.0297274
10.9 -0.0379991
10.91 -0.0434454
10.92 -0.046384
10.93 -0.0459922
10.94 -0.0428015
10.95 -0.036106
10.96 -0.0265868
10.97 -0.0137324
10.98 0.00168754
10.99 0.0199388
11 0.04023
11.01 0.0625563
11.02 0.0861706
11.03 0.110802
11.04 0.135807
11.05 0.16068
11.06 0.184933
11.07 0.207883
11.08 0.229229
11.09 0.248185
11.1 0.264658
11.11 0.277844
11.12 0.287858
11.13 0.293962
11.14 0.296467
11.15 0.294776
11.16 0.289367
11.17 0.279842
11.18 0.266811
11.19 0.250108
11.2 0.230429
11.21 0.207852
11.22 0.183106
11.23 0.156495
11.24 0.128735
11.25 0.100312
11.26 0.0718808
11.27 0.0440516
11.28 0.0173761
11.29 -0.0074854
11.3 -0.030115
11.31 -0.0498801
11.32 -0.0665187
11.33 -0.079498
11.34 -0.0887235
11.35 -0.0938216
11.36 -0.0948661
11.37 -0.0916822
11.38 -0.084503
11.39 -0.0733683
11.4 -0.0586524
11.41 -0.0405999
11.42 -0.0197003
11.43 0.00363098
11.44 0.0288208
11.45 0.0553371
11.46 0.0825596
11.47 0.109907
11.48 0.136751
11.49 0.162534
11.5 0.18666
11.51 0.208666
11.52 0.228024
11.53 0.244426
11.54 0.257448
11.55 0.266976
11.56 0.272722
11.57 0.274783
11.58 0.273025
11.59 0.26775
11.6 0.258994
11.61 0.247229
11.62 0.232664
11.63 0.215883
11.64 0.197261
11.65 0.177428
11.66 0.1569
11.67 0.136274
11.68 0.116179
11.69 0.0971017
11.7 0.0797401
11.71 0.0644069
11.72 0.0518193
11.73 0.0420676
11.74 0.0358341
11.75 0.0329644
11.76 0.0340497
11.77 0.0386966
11.78 0.0473521
11.79 0.0594183
11.8 0.0751522
11.81 0.0938115
11.82 0.115429
11.83 0.139198
11.84 0.164909
11.85 0.191781
11.86 0.219362
11.87 0.246993
11.88 0.273994
11.89 0.299913
11.9 0.323886
11.91 0.34573
11.92 0.364452
11.93 0.380181
11.94 0.391865
11.95 0.399952
11.96 0.403412
11.97 0.402985
11.98 0.397747
11.99 0.388673
12 0.37502