1.2 0.281247
1.21 0.386718
1.22 0.496177
1.23 0.607665
1.24 0.719989
1.25 0.831634
1.26 0.940923
1.27 1.04683
1.28 1.14732
1.29 1.24187
1.3 1.32827
1.31 1.40646
1.32 1.47419
1.33 1.53187
1.34 1.57735
1.35 1.61144
1.36 1.63225
1.37 1.64092
1.38 1.6359
1.39 1.61862
1.4 1.58794
1.41 1.54547
1.42 1.49057
1.43 1.42493
1.44 1.3484
1.45 1.26271
1.46 1.16814
1.47 1.06641
1.48 0.958153
1.49 0.845019
1.5 0.727946
1.51 0.608437
1.52 0.487624
1.53 0.366844
1.54 0.247305
1.55 0.130152
1.56 0.0165586
1.57 -0.092539
1.58 -0.196099
1.59 -0.293405
1.6 -0.383631
1.61 -0.466281
1.62 -0.540805
1.63 -0.60692
1.64 -0.664387
1.65 -0.713129
1.66 -0.753222
1.67 -0.784778
1.68 -0.808168
1.69 -0.823674
1.7 -0.831916
1.71 -0.833325
1.72 -0.828705
1.73 -0.81861
1.74 -0.803947
1.75 -0.785366
1.76 -0.763795
1.77 -0.739946
1.78 -0.714684
1.79 -0.688749
1.8 -0.662869
1.81 -0.637778
1.82 -0.614003
1.83 -0.592235
1.84 -0.572765
1.85 -0.556199
1.86 -0.542574
1.87 -0.532376
1.88 -0.525397
1.89 -0.52197
1.9 -0.521674
1.91 -0.524657
1.92 -0.530339
1.93 -0.538665
1.94 -0.548961
1.95 -0.560958
1.96 -0.57397
1.97 -0.58751
1.98 -0.600962
1.99 -0.613634
2 -0.625059
2.01 -0.634363
2.02 -0.641297
2.03 -0.644842
2.04 -0.645016
2.05 -0.640706
2.06 -0.632225
2.07 -0.618425
2.08 -0.599917
2.09 -0.575586
2.1 -0.546317
2.11 -0.511098
2.12 -0.471038
2.13 -0.425301
2.14 -0.37515
2.15 -0.319989
2.16 -0.261142
2.17 -0.198317
2.18 -0.132796
2.19 -0.0646319
2.2 0.00504065
2.21 0.0757831
2.22 0.146712
2.23 0.217025
2.24 0.286132
2.25 0.352927
2.26 0.417135
2.27 0.477431
2.28 0.533856
2.29 0.584954
2.3 0.631073
2.31 0.670723
2.32 0.704526
2.33 0.731053
2.34 0.75116
2.35 0.763563
2.36 0.769299
2.37 0.767302
2.38 0.758732
2.39 0.742789
2.4 0.720701
2.41 0.691962
2.42 0.657809
2.43 0.618037
2.44 0.573841
2.45 0.525299
2.46 0.473518
2.47 0.418822
2.48 0.362195
2.49 0.304153
2.5 0.24553
2.51 0.186974
2.52 0.129146
2.53 0.0727596
2.54 0.0182974
2.55 -0.0335335
2.56 -0.0824279
2.57 -0.127746
2.58 -0.169355
2.59 -0.206732
2.6 -0.239903
2.61 -0.268505
2.62 -0.292699
2.63 -0.312302
2.64 -0.327597
2.65 -0.33858
2.66 -0.345632
2.67 -0.34892
2.68 -0.348895
2.69 -0.345869
2.7 -0.34034
2.71 -0.332726
2.72 -0.32355
2.73 -0.313286
2.74 -0.302462
2.75 -0.291559
2.76 -0.281086
2.77 -0.271484
2.78 -0.263224
2.79 -0.256661
2.8 -0.252213
2.81 -0.250116
2.82 -0.250714
2.83 -0.254103
2.84 -0.260542
2.85 -0.269977
2.86 -0.282572
2.87 -0.298126
2.88 -0.316699
2.89 -0.337965
2.9 -0.361873
2.91 -0.388004
2.92 -0.416195
2.93 -0.445973
2.94 -0.477065
2.95 -0.508991
2.96 -0.541374
2.97 -0.573776
2.98 -0.605727
2.99 -0.636874
3 -0.666671
3.01 -0.694888
3.02 -0.720927
3.03 -0.744707
3.04 -0.765598
3.05 -0.783691
3.06 -0.79835
3.07 -0.809835
3.08 -0.817537
3.09 -0.821876
3.1 -0.822291
3.11 -0.819343
3.12 -0.812546
3.13 -0.802563
3.14 -0.789007
3.15 -0.772601
3.16 -0.753074
3.17 -0.731161
3.18 -0.706719
3.19 -0.680444
3.2 -0.652325
3.21 -0.622978
3.22 -0.592515
3.23 -0.561435
3.24 -0.529961
3.25 -0.498446
3.26 -0.467207
3.27 -0.436432
3.28 -0.406506
3.29 -0.377454
3.3 -0.349688
3.31 -0.323094
3.32 -0.298067
3.33 -0.274386
3.34 -0.25239
3.35 -0.231783
3.36 -0.212828
3.37 -0.195185
3.38 -0.179021
3.39 -0.163987
3.4 -0.150152
3.41 -0.137183
3.42 -0.12506
3.43 -0.113489
3.44 -0.102374
3.45 -0.0914796
3.46 -0.0806584
3.47 -0.0697428
3.48 -0.05856
3.49 -0.0470158
3.5 -0.0349402
3.51 -0.0223114
3.52 -0.00898828
3.53 0.00498477
3.54 0.0196977
3.55 0.0350504
3.56 0.0510663
3.57 0.0676026
3.58 0.0846085
3.59 0.101913
3.6 0.119393
3.61 0.136865
3.62 0.154141
3.63 0.171041
3.64 0.187328
3.65 0.20284
3.66 0.217315
3.67 0.230617
3.68 0.242484
3.69 0.25282
3.7 0.261387
3.71 0.268135
3.72 0.272875
3.73 0.275609
3.74 0.276213
3.75 0.274746
3.76 0.271166
3.77 0.265582
3.78 0.258041
3.79 0.248704
3.8 0.237702
3.81 0.225243
3.82 0.21153
3.83 0.196814
3.84 0.181349
3.85 0.165421
3.86 0.149314
3.87 0.133337
3.88 0.117773
3.89 0.102945
3.9 0.0891058
3.91 0.0765782
3.92 0.0655591
3.93 0.0563559
3.94 0.0490851
3.95 0.0440249
3.96 0.0411945
3.97 0.0408275
3.98 0.0428376
3.99 0.0473989
4 0.054321
4.01 0.0637047
4.02 0.0752669
4.03 0.089023
4.04 0.104618
4.05 0.121974
4.06 0.140693
4.07 0.160595
4.08 0.181277
4.09 0.202459
4.1 0.223766
4.11 0.244823
4.12 0.265326
4.13 0.28481
4.14 0.303077
4.15 0.319593
4.16 0.33429
4.17 0.346588
4.18 0.35657
4.19 0.363635
4.2 0.368023
4.21 0.369145
4.22 0.367395
4.23 0.362228
4.24 0.35417
4.25 0.342758
4.26 0.328621
4.27 0.311406
4.28 0.291808
4.29 0.269615
4.3 0.245533
4.31 0.21952
4.32 0.192237
4.33 0.163826
4.34 0.134855
4.35 0.105654
4.36 0.0766444
4.37 0.0483442
4.38 0.0209884
4.39 -0.00474649
4.4 -0.0288212
4.41 -0.0504525
4.42 -0.0697895
4.43 -0.0859994
4.44 -0.0994043
4.45 -0.10918
4.46 -0.115797
4.47 -0.118494
4.48 -0.117861
4.49 -0.113248
4.5 -0.105327
4.51 -0.0936005
4.52 -0.0787845
4.53 -0.0605582
4.54 -0.0396463
4.55 -0.0159164
4.56 0.00993298
4.57 0.0378483
4.58 0.0671879
4.59 0.097728
4.6 0.128909
4.61 0.160366
4.62 0.19164
4.63 0.22226
4.64 0.251884
4.65 0.279975
4.66 0.306314
4.67 0.330348
4.68 0.351977
4.69 0.370676
4.7 0.386461
4.71 0.398874
4.72 0.408037
4.73 0.413591
4.74 0.415753
4.75 0.414284
4.76 0.40948
4.77 0.401235
4.78 0.389906
4.79 0.375521
4.8 0.358479
4.81 0.338932
4.82 0.317303
4.83 0.293849
4.84 0.269
4.85 0.243085
4.86 0.216532
4.87 0.189707
4.88 0.163017
4.89 0.136834
4.9 0.111533
4.91 0.0874536
4.92 0.0649283
4.93 0.0442342
4.94 0.0256529
4.95 0.00937348
4.96 -0.00438077
4.97 -0.0155251
4.98 -0.0239005
4.99 -0.0295333
5 -0.0323332
5.01 -0.0324345
5.02 -0.0298176
5.03 -0.0247126
5.04 -0.0171711
5.05 -0.00749783
5.06 0.00418613
5.07 0.0175286
5.08 0.0323431
5.09 0.0482614
5.1 0.0650383
5.11 0.0823223
5.12 0.0998185
5.13 0.117223
5.14 0.134204
5.15 0.150531
5.16 0.165849
5.17 0.180024
5.18 0.19269
5.19 0.203824
5.2 0.213067
5.21 0.220509
5.22 0.225817
5.23 0.229184
5.24 0.23032
5.25 0.229512
5.26 0.226525
5.27 0.221715
5.28 0.214917
5.29 0.206526
5.3 0.196456
5.31 0.185113
5.32 0.172492
5.33 0.158977
5.34 0.144645
5.35 0.129826
5.36 0.114674
5.37 0.0994417
5.38 0.0843482
5.39 0.0695492
5.4 0.0553136
5.41 0.0416905
5.42 0.0289792
5.43 0.0171208
5.44 0.00642345
5.45 -0.00327136
5.46 -0.0116697
5.47 -0.0190092
5.48 -0.0250437
5.49 -0.0300541
5.5 -0.0338673
5.51 -0.0367788
5.52 -0.0386999
5.53 -0.0399169
5.54 -0.040427
5.55 -0.0404866
5.56 -0.0401715
5.57 -0.0396917
5.58 -0.0391877
5.59 -0.0388109
5.6 -0.0387465
5.61 -0.0390811
5.62 -0.0400212
5.63 -0.0415871
5.64 -0.0439818
5.65 -0.047163
5.66 -0.0513068
5.67 -0.0563154
5.68 -0.0623181
5.69 -0.0691723
5.7 -0.0769455
5.71 -0.0854632
5.72 -0.0947226
5.73 -0.104531
5.74 -0.114814
5.75 -0.125375
5.76 -0.136074
5.77 -0.146723
5.78 -0.157128
5.79 -0.167124
5.8 -0.176481
5.81 -0.185063
5.82 -0.192627
5.83 -0.199076
5.84 -0.204173
5.85 -0.207868
5.86 -0.209954
5.87 -0.210426
5.88 -0.209128
5.89 -0.206105
5.9 -0.201262
5.91 -0.194694
5.92 -0.18638
5.93 -0.176457
5.94 -0.164981
5.95 -0.152131
5.96 -0.138033
5.97 -0.122899
5.98 -0.106915
5.99 -0.0903216
6 -0.073347
6.01 -0.0562521
6.02 -0.0392845
6.03 -0.0227172
6.04 -0.00679392
6.05 0.00821012
6.06 0.0220794
6.07 0.0345464
6.08 0.0454466
6.09 0.0545304
6.1 0.061703
6.11 0.0667435
6.12 0.0696399
6.13 0.0702102
6.14 0.0685315
6.15 0.0644709
6.16 0.0581924
6.17 0.0496218
6.18 0.0390004
6.19 0.0263201
6.2 0.0118825
6.21 -0.00424835
6.22 -0.0217339
6.23 -0.0404349
6.24 -0.0600034
6.25 -0.0802252
6.26 -0.100773
6.27 -0.12136
6.28 -0.14171
6.29 -0.161473
6.3 -0.180449
6.31 -0.198236
6.32 -0.214733
6.33 -0.229501
6.34 -0.242555
6.35 -0.253435
6.36 -0.262279
6.37 -0.268628
6.38 -0.272741
6.39 -0.274184
6.4 -0.273321
6.41 -0.269767
6.42 -0.263974
6.43 -0.255624
6.44 -0.24523
6.45 -0.232563
6.46 -0.21816
6.47 -0.201896
6.48 -0.184298
6.49 -0.165357
6.5 -0.145549
6.51 -0.124986
6.52 -0.10406
6.53 -0.0830021
6.54 -0.0620886
6.55 -0.0416618
6.56 -0.0218634
6.57 -0.00312188
6.58 0.0145562
6.59 0.0306927
6.6 0.0454046
6.61 0.0582021
6.62 0.0693092
6.63 0.0782602
6.64 0.0853651
6.65 0.0902138
6.66 0.0931783
6.67 0.0939288
6.68 0.092874
6.69 0.0897812
6.7 0.085071
6.71 0.0786156
6.72 0.0708246
6.73 0.061674
6.74 0.051542
6.75 0.0404994
6.76 0.0288765
6.77 0.0168229
6.78 0.0046085
6.79 -0.00755924
6.8 -0.0194787
6.81 -0.0309092
6.82 -0.0417203
6.83 -0.0516634
6.84 -0.0606788
6.85 -0.0685338
6.86 -0.0752349
6.87 -0.0805861
6.88 -0.0846527
6.89 -0.0872914
6.9 -0.0886168
6.91 -0.0885482
6.92 -0.0872384
6.93 -0.0846724
6.94 -0.08103
6.95 -0.0763585
6.96 -0.0708528
6.97 -0.0646136
6.98 -0.0578395
6.99 -0.0506704
7 -0.0432984
7.01 -0.0358853
7.02 -0.0286072
7.03 -0.0216292
7.04 -0.0151031
7.05 -0.00917878
7.06 -0.00397747
7.07 0.000383097
7.08 0.00381727
7.09 0.00625219
7.1 0.00764158
7.11 0.00796545
7.12 0.00721911
7.13 0.00543783
7.14 0.00265922
7.15 -0.00102957
7.16 -0.00554946
7.17 -0.0107704
7.18 -0.0165741
7.19 -0.0228013
7.2 -0.0292985
7.21 -0.0358943
7.22 -0.0424057
7.23 -0.0486681
7.24 -0.0544761
7.25 -0.059691
7.26 -0.0640939
7.27 -0.0675894
7.28 -0.0699554
7.29 -0.0711534
7.3 -0.0709696
7.31 -0.0694317
7.32 -0.0663461
7.33 -0.0618097
7.34 -0.0556619
7.35 -0.0480651
7.36 -0.0389039
7.37 -0.0283965
7.38 -0.0164834
7.39 -0.003423
7.4 0.0107789
7.41 0.0258446
7.42 0.0416964
7.43 0.0580608
7.44 0.0747849
7.45 0.0916249
7.46 0.108353
7.47 0.12478
7.48 0.140608
7.49 0.155723
7.5 0.169766
7.51 0.182718
7.52 0.194171
7.53 0.204211
7.54 0.212398
7.55 0.218926
7.56 0.223347
7.57 0.225955
7.58 0.226315
7.59 0.224813
7.6 0.221047
7.61 0.215473
7.62 0.207751
7.63 0.198378
7.64 0.187092
7.65 0.174402
7.66 0.160155
7.67 0.144822
7.68 0.128376
7.69 0.111223
7.7 0.0934595
7.71 0.0754105
7.72 0.0572776
7.73 0.0392967
7.74 0.0217549
7.75 0.00479252
7.76 -0.0112431
7.77 -0.0263072
7.78 -0.0400199
7.79 -0.0524272
7.8 -0.0631453
7.81 -0.0723017
7.82 -0.0795352
7.83 -0.0850426
7.84 -0.088509
7.85 -0.0901852
7.86 -0.0898213
7.87 -0.087706
7.88 -0.0836667
7.89 -0.078014
7.9 -0.0706584
7.91 -0.0619163
7.92 -0.0517807
7.93 -0.0405599
7.94 -0.0283222
7.95 -0.0153552
7.96 -0.00179099
7.97 0.0121138
7.98 0.0261796
7.99 0.0401878
8 0.05393
8.01 0.0672303
8.02 0.0798709
8.03 0.0917213
8.04 0.102573
8.05 0.11234
8.06 0.12084
8.07 0.128031
8.08 0.133769
8.09 0.138054
8.1 0.140789
8.11 0.142009
8.12 0.141671
8.13 0.13984
8.14 0.136527
8.15 0.131822
8.16 0.125782
8.17 0.118521
8.18 0.110133
8.19 0.100746
8.2 0.0904847
8.21 0.0794864
8.22 0.0678921
8.23 0.0558436
8.24 0.0434853
8.25 0.0309596
8.26 0.0184019
8.27 0.00595142
8.28 -0.00627625
8.29 -0.0181481
8.3 -0.029577
8.31 -0.0404387
8.32 -0.0506798
8.33 -0.0601867
8.34 -0.0689425
8.35 -0.0768452
8.36 -0.0839138
8.37 -0.0900586
8.38 -0.0953311
8.39 -0.0996539
8.4 -0.103106
8.41 -0.10562
8.42 -0.107297
8.43 -0.10808
8.44 -0.108081
8.45 -0.107254
8.46 -0.105715
8.47 -0.103424
8.48 -0.1005
8.49 -0.0969045
8.5 -0.0927511
8.51 -0.0880049
8.52 -0.0827711
8.53 -0.0770153
8.54 -0.0708335
8.55 -0.0641912
8.56 -0.0571754
8.57 -0.049752
8.58 -0.0420004
8.59 -0.0338883
8.6 -0.02549
8.61 -0.0167778
8.62 -0.00782261
8.63 0.00139385
8.64 0.010803
8.65 0.0204079
8.66 0.0301424
8.67 0.0399879
8.68 0.0498827
8.69 0.059779
8.7 0.0696241
8.71 0.0793333
8.72 0.0888696
8.73 0.0981047
8.74 0.107024
8.75 0.115455
8.76 0.123409
8.77 0.130671
8.78 0.137284
8.79 0.142996
8.8 0.147884
8.81 0.151671
8.82 0.154466
8.83 0.155979
8.84 0.156354
8.85 0.155303
8.86 0.153003
8.87 0.149182
8.88 0.144047
8.89 0.137357
8.9 0.129346
8.91 0.11982
8.92 0.109029
8.93 0.0968408
8.94 0.0835148
8.95 0.0689872
8.96 0.0535188
8.97 0.0371194
8.98 0.020042
8.99 0.00236922
9 -0.015662
9.01 -0.0339019
9.02 -0.0521378
9.03 -0.0701634
9.04 -0.0877973
9.05 -0.104791
9.06 -0.121002
9.07 -0.136156
9.08 -0.150153
9.09 -0.162716
9.1 -0.173789
9.11 -0.183112
9.12 -0.190674
9.13 -0.196255
9.14 -0.199888
9.15 -0.201405
9.16 -0.200885
9.17 -0.198229
9.18 -0.193554
9.19 -0.186836
9.2 -0.178232
9.21 -0.167794
9.22 -0.155711
9.23 -0.142107
9.24 -0.127201
9.25 -0.111176
9.26 -0.0942765
9.27 -0.0767277
9.28 -0.0587925
9.29 -0.0407202
9.3 -0.0227845
9.31 -0.00523574
9.32 0.0116491
9.33 0.0276415
9.34 0.0424698
9.35 0.0559496
9.36 0.067823
9.37 0.0779689
9.38 0.0861528
9.39 0.092331
9.4 0.0963021
9.41 0.0981077
9.42 0.0975895
9.43 0.0948755
9.44 0.0898594
9.45 0.0827493
9.46 0.0734995
9.47 0.0623843
9.48 0.0494257
9.49 0.0349441
9.5 0.0190338
9.51 0.00203615
9.52 -0.0158802
9.53 -0.0343809
9.54 -0.0532247
9.55 -0.0721136
9.56 -0.0907385
9.57 -0.108866
9.58 -0.126128
9.59 -0.14238
9.6 -0.157209
9.61 -0.170577
9.62 -0.182043
9.63 -0.191687
9.64 -0.199059
9.65 -0.204361
9.66 -0.207156
9.67 -0.207759
9.68 -0.205774
9.69 -0.201609
9.7 -0.194931
9.71 -0.186221
9.72 -0.175231
9.73 -0.162479
9.74 -0.147823
9.75 -0.131784
9.76 -0.114339
9.77 -0.0959716
9.78 -0.0767884
9.79 -0.0571983
9.8 -0.0374385
9.81 -0.0178083
9.82 0.00132942
9.83 0.019811
9.84 0.0371684
9.85 0.0533808
9.86 0.0679127
9.87 0.0808778
9.88 0.0917151
9.89 0.100658
9.9 0.107162
9.91 0.111562
9.92 0.113366
9.93 0.112985
9.94 0.110015
9.95 0.104918
9.96 0.0974
9.97 0.0879467
9.98 0.0763889
9.99 0.0632109
10 0.0483734
10.01 0.032334
10.02 0.0151783
10.03 -0.00268371
10.04 -0.0210561
10.05 -0.0395935
10.06 -0.0580119
10.07 -0.0760429
10.08 -0.0933428
10.09 -0.109727
10.1 -0.124824
10.11 -0.138537
10.12 -0.150498
10.13 -0.160694
10.14 -0.168793
10.15 -0.174862
10.16 -0.17863
10.17 -0.180235
10.18 -0.179486
10.19 -0.176582
10.2 -0.171424
10.21 -0.16426
10.22 -0.155089
10.23 -0.144191
10.24 -0.131658
10.25 -0.117792
10.26 -0.102764
10.27 -0.0868832
10.28 -0.0703808
10.29 -0.0535627
10.3 -0.0366948
10.31 -0.0200676
10.32 -0.00395565
10.33 0.0113766
10.34 0.0256731
10.35 0.0387045
10.36 0.0502587
10.37 0.060149
10.38 0.0682283
10.39 0.0743594
10.4 0.0784745
10.41 0.0804915
10.42 0.0804295
10.43 0.0782652
10.44 0.0741039
10.45 0.0679835
10.46 0.0600868
10.47 0.0505136
10.48 0.0395079
10.49 0.02723
10.5 0.013963
10.51 -7.56498e-05
10.52 -0.0145907
10.53 -0.0293134
10.54 -0.0439646
10.55 -0.058233
10.56 -0.0718839
10.57 -0.0845741
10.58 -0.0961388
10.59 -0.106217
10.6 -0.114733
10.61 -0.121325
10.62 -0.126019
10.63 -0.128469
10.64 -0.128809
10.65 -0.126727
10.66 -0.12246
10.67 -0.115749
10.68 -0.106922
10.69 -0.0957885
10.7 -0.0827449
10.71 -0.0676899
10.72 -0.0510565
10.73 -0.0328444
10.74 -0.0134913
10.75 0.00689386
10.76 0.0279052
10.77 0.0493204
10.78 0.0708015
10.79 0.0920153
10.8 0.112724
10.81 0.132492
10.82 0.151208
10.83 0.168351
10.84 0.183954
10.85 0.197428
10.86 0.208964
10.87 0.217931
10.88 0.224671
10.89 0.228544
10.9 0.230032
10.91 0.228517
10.92 0.224588
10.93 0.217705
10.94 0.208509
10.95 0.196583
10.96 0.182574
10.97 0.166213
10.98 0.14812
10.99 0.128183
11 0.106964
11.01 0.0845089
11.02 0.0612982
11.03 0.0375176
11.04 0.0135524
11.05 -0.0102931
11.06 -0.0337422
11.07 -0.0563997
11.08 -0.0781026
11.09 -0.0983983
11.1 -0.117236
11.11 -0.13414
11.12 -0.149166
11.13 -0.161851
11.14 -0.172343
11.15 -0.180222
11.16 -0.185717
11.17 -0.188477
11.18 -0.188792
11.19 -0.186399
11.2 -0.181635
11.21 -0.174333
11.22 -0.164856
11.23 -0.15314
11.24 -0.139558
11.25 -0.124142
11.26 -0.107258
11.27 -0.0890219
11.28 -0.069782
11.29 -0.0497204
11.3 -0.0291545
11.31 -0.00831265
11.32 0.0125272
11.33 0.0331138
11.34 0.053214
11.35 0.0725774
11.36 0.0910186
11.37 0.108309
11.38 0.124313
11.39 0.138841
11.4 0.151806
11.41 0.163072
11.42 0.172597
11.43 0.180306
11.44 0.186198
11.45 0.190264
11.46 0.192538
11.47 0.193072
11.48 0.191931
11.49 0.189219
11.5 0.185029
11.51 0.179503
11.52 0.172753
11.53 0.164948
11.54 0.156216
11.55 0.146732
11.56 0.136632
11.57 0.126088
11.58 0.115238
11.59 0.104232
11.6 0.0932072
11.61 0.0822814
11.62 0.0715836
11.63 0.0611942
11.64 0.0512296
11.65 0.0417283
11.66 0.0327907
11.67 0.0244141
11.68 0.0166805
11.69 0.00954999
11.7 0.00308511
11.71 -0.00278399
11.72 -0.00801453
11.73 -0.0126967
11.74 -0.0168061
11.75 -0.0204429
11.76 -0.0235985
11.77 -0.0263726
11.78 -0.0287682
11.79 -0.030876
11.8 -0.0327051
11.81 -0.0343304
11.82 -0.0357616
11.83 -0.0370535
11.84 -0.0382101
11.85 -0.039266
11.86 -0.0402129
11.87 -0.0410677
11.88 -0.0418048
11.89 -0.0424289
11.9 -0.0428928
11.91 -0.0431968
11.92 -0.0432698
11.93 -0.0431166
11.94 -0.0426425
11.95 -0.0418654
11.96 -0.0406699
11.97 -0.0390952
11.98 -0.0370101
11.99 -0.0344811
12 -0.0313692