1.2 1.23294
1.21 1.34244
1.22 1.44018
1.23 1.52732
1.24 1.60153
1.25 1.66431
1.26 1.71361
1.27 1.75117
1.28 1.77528
1.29 1.78783
1.3 1.78746
1.31 1.77611
1.32 1.75281
1.33 1.71944
1.34 1.67537
1.35 1.62237
1.36 1.56013
1.37 1.49026
1.38 1.41267
1.39 1.32878
1.4 1.23871
1.41 1.14366
1.42 1.04388
1.43 0.94037
1.44 0.833474
1.45 0.724012
1.46 0.612371
1.47 0.499223
1.48 0.384989
1.49 0.270225
1.5 0.155375
1.51 0.0409154
1.52 -0.0726863
1.53 -0.184996
1.54 -0.295524
1.55 -0.403846
1.56 -0.509451
1.57 -0.611904
1.58 -0.710679
1.59 -0.805314
1.6 -0.895292
1.61 -0.980116
1.62 -1.05931
1.63 -1.13235
1.64 -1.19885
1.65 -1.25826
1.66 -1.31033
1.67 -1.35453
1.68 -1.39078
1.69 -1.41861
1.7 -1.43815
1.71 -1.44903
1.72 -1.45161
1.73 -1.44565
1.74 -1.43178
1.75 -1.40991
1.76 -1.38091
1.77 -1.34489
1.78 -1.3029
1.79 -1.25529
1.8 -1.20319
1.81 -1.14719
1.82 -1.08847
1.83 -1.0278
1.84 -0.966272
1.85 -0.904867
1.86 -0.844465
1.87 -0.786183
1.88 -0.730608
1.89 -0.678919
1.9 -0.631334
1.91 -0.58901
1.92 -0.551752
1.93 -0.520596
1.94 -0.494939
1.95 -0.475593
1.96 -0.461596
1.97 -0.453436
1.98 -0.449889
1.99 -0.451039
2 -0.45553
2.01 -0.462985
2.02 -0.472078
2.03 -0.481946
2.04 -0.491467
2.05 -0.499309
2.06 -0.50472
2.07 -0.505959
2.08 -0.502785
2.09 -0.493153
2.1 -0.47743
2.11 -0.453414
2.12 -0.422115
2.13 -0.381355
2.14 -0.332752
2.15 -0.274357
2.16 -0.208254
2.17 -0.133031
2.18 -0.0509712
2.19 0.0385989
2.2 0.13338
2.21 0.23321
2.22 0.335956
2.23 0.440606
2.24 0.545359
2.25 0.648422
2.26 0.748468
2.27 0.843066
2.28 0.931471
2.29 1.01082
2.3 1.081
2.31 1.13898
2.32 1.1853
2.33 1.217
2.34 1.23527
2.35 1.23748
2.36 1.22538
2.37 1.19689
2.38 1.15422
2.39 1.09603
2.4 1.02483
2.41 0.940107
2.42 0.844551
2.43 0.738476
2.44 0.624587
2.45 0.503961
2.46 0.37917
2.47 0.251911
2.48 0.124484
2.49 -0.00099697
2.5 -0.122616
2.51 -0.238086
2.52 -0.345962
2.53 -0.444033
2.54 -0.531386
2.55 -0.606125
2.56 -0.667895
2.57 -0.715311
2.58 -0.748573
2.59 -0.766947
2.6 -0.771155
2.61 -0.761176
2.62 -0.738198
2.63 -0.702896
2.64 -0.656848
2.65 -0.601327
2.66 -0.538206
2.67 -0.469197
2.68 -0.396356
2.69 -0.321627
2.7 -0.247135
2.71 -0.174817
2.72 -0.106749
2.73 -0.0446278
2.74 0.0096366
2.75 0.0547921
2.76 0.0892075
2.77 0.11223
2.78 0.122606
2.79 0.120369
2.8 0.104723
2.81 0.0763957
2.82 0.0351085
2.83 -0.0177895
2.84 -0.0820278
2.85 -0.155782
2.86 -0.238233
2.87 -0.327285
2.88 -0.421601
2.89 -0.519055
2.9 -0.617862
2.91 -0.716113
2.92 -0.811675
2.93 -0.903091
2.94 -0.98801
2.95 -1.06561
2.96 -1.13348
2.97 -1.19155
2.98 -1.23751
2.99 -1.2721
3 -1.29328
3.01 -1.30254
3.02 -1.29826
3.03 -1.28256
3.04 -1.25438
3.05 -1.21628
3.06 -1.16785
3.07 -1.1118
3.08 -1.04848
3.09 -0.980449
3.1 -0.908779
3.11 -0.835658
3.12 -0.762805
3.13 -0.691773
3.14 -0.624832
3.15 -0.562714
3.16 -0.50807
3.17 -0.46071
3.18 -0.423464
3.19 -0.395208
3.2 -0.378715
3.21 -0.372021
3.22 -0.377599
3.23 -0.392868
3.24 -0.419646
3.25 -0.455103
3.26 -0.500194
3.27 -0.552091
3.28 -0.610814
3.29 -0.673769
3.3 -0.740065
3.31 -0.807538
3.32 -0.8745
3.33 -0.939362
3.34 -0.999826
3.35 -1.05498
3.36 -1.10214
3.37 -1.1411
3.38 -1.16907
3.39 -1.18654
3.4 -1.19085
3.41 -1.18311
3.42 -1.16103
3.43 -1.12626
3.44 -1.07704
3.45 -1.01542
3.46 -0.940304
3.47 -0.853977
3.48 -0.756073
3.49 -0.648966
3.5 -0.532983
3.51 -0.410453
3.52 -0.282312
3.53 -0.15072
3.54 -0.0170868
3.55 0.116697
3.56 0.248913
3.57 0.378014
3.58 0.502157
3.59 0.62018
3.6 0.730292
3.61 0.831734
3.62 0.922924
3.63 1.00349
3.64 1.07219
3.65 1.12902
3.66 1.17313
3.67 1.20484
3.68 1.22376
3.69 1.23045
3.7 1.22497
3.71 1.20808
3.72 1.18021
3.73 1.14228
3.74 1.09502
3.75 1.03945
3.76 0.976497
3.77 0.907217
3.78 0.832664
3.79 0.753883
3.8 0.671945
3.81 0.587867
3.82 0.502647
3.83 0.417257
3.84 0.332558
3.85 0.249469
3.86 0.168665
3.87 0.0910123
3.88 0.016975
3.89 -0.0526254
3.9 -0.117547
3.91 -0.177004
3.92 -0.230971
3.93 -0.27869
3.94 -0.320341
3.95 -0.355187
3.96 -0.383597
3.97 -0.404855
3.98 -0.419504
3.99 -0.426856
4 -0.427613
4.01 -0.421137
4.02 -0.408268
4.03 -0.388448
4.04 -0.362642
4.05 -0.330407
4.06 -0.292807
4.07 -0.249564
4.08 -0.201806
4.09 -0.149471
4.1 -0.0937023
4.11 -0.0347018
4.12 0.0264316
4.13 0.0891919
4.14 0.152601
4.15 0.215821
4.16 0.278081
4.17 0.338204
4.18 0.395716
4.19 0.449121
4.2 0.498324
4.21 0.54156
4.22 0.579181
4.23 0.609231
4.24 0.632548
4.25 0.647098
4.26 0.654203
4.27 0.651884
4.28 0.641904
4.29 0.622492
4.3 0.595724
4.31 0.560285
4.32 0.51834
4.33 0.469186
4.34 0.414936
4.35 0.355562
4.36 0.292994
4.37 0.22788
4.38 0.161845
4.39 0.0961508
4.4 0.0320117
4.41 -0.0288152
4.42 -0.0856044
4.43 -0.136276
4.44 -0.180636
4.45 -0.216486
4.46 -0.244172
4.47 -0.261598
4.48 -0.269621
4.49 -0.266455
4.5 -0.253408
4.51 -0.229184
4.52 -0.195452
4.53 -0.151535
4.54 -0.0993501
4.55 -0.0389067
4.56 0.0277576
4.57 0.0999537
4.58 0.175655
4.59 0.253572
4.6 0.331817
4.61 0.408644
4.62 0.482424
4.63 0.551147
4.64 0.613542
4.65 0.667561
4.66 0.712368
4.67 0.746107
4.68 0.768428
4.69 0.777876
4.7 0.774613
4.71 0.757752
4.72 0.727959
4.73 0.685021
4.74 0.630079
4.75 0.563621
4.76 0.487202
4.77 0.401966
4.78 0.309801
4.79 0.212376
4.8 0.11182
4.81 0.0101333
4.82 -0.090429
4.83 -0.187765
4.84 -0.279618
4.85 -0.364037
4.86 -0.438891
4.87 -0.502621
4.88 -0.553349
4.89 -0.590115
4.9 -0.611412
4.91 -0.617021
4.92 -0.605916
4.93 -0.578678
4.94 -0.534853
4.95 -0.475795
4.96 -0.401682
4.97 -0.314523
4.98 -0.21516
4.99 -0.106058
5 0.0112826
5.01 0.134201
5.02 0.260587
5.03 0.387878
5.04 0.51344
5.05 0.635108
5.06 0.749855
5.07 0.856184
5.08 0.950837
5.09 1.0332
5.1 1.09997
5.11 1.15154
5.12 1.18478
5.13 1.20112
5.14 1.19782
5.15 1.17724
5.16 1.13723
5.17 1.08093
5.18 1.00694
5.19 0.9189
5.2 0.816283
5.21 0.702897
5.22 0.579181
5.23 0.44874
5.24 0.312979
5.25 0.174951
5.26 0.036963
5.27 -0.0987959
5.28 -0.229249
5.29 -0.353308
5.3 -0.46732
5.31 -0.571434
5.32 -0.661662
5.33 -0.73941
5.34 -0.800634
5.35 -0.847893
5.36 -0.877372
5.37 -0.892516
5.38 -0.890182
5.39 -0.874229
5.4 -0.842472
5.41 -0.798849
5.42 -0.742237
5.43 -0.67637
5.44 -0.601168
5.45 -0.519918
5.46 -0.433466
5.47 -0.344463
5.48 -0.25448
5.49 -0.165415
5.5 -0.0793108
5.51 0.00274187
5.52 0.0785061
5.53 0.147679
5.54 0.2081
5.55 0.260179
5.56 0.302064
5.57 0.334759
5.58 0.35689
5.59 0.369902
5.6 0.373
5.61 0.3679
5.62 0.354405
5.63 0.334332
5.64 0.308028
5.65 0.277251
5.66 0.242777
5.67 0.20617
5.68 0.168473
5.69 0.130955
5.7 0.0947481
5.71 0.0607546
5.72 0.0300235
5.73 0.00305812
5.74 -0.0193236
5.75 -0.0370135
5.76 -0.0495281
5.77 -0.0571198
5.78 -0.0596879
5.79 -0.0577848
5.8 -0.0516824
5.81 -0.0421535
5.82 -0.0297786
5.83 -0.0154591
5.84 2.24767e-05
5.85 0.0157326
5.86 0.0308198
5.87 0.0444121
5.88 0.055729
5.89 0.064045
5.9 0.068777
5.91 0.0694168
5.92 0.0656738
5.93 0.0573092
5.94 0.0443752
5.95 0.0269317
5.96 0.00537239
5.97 -0.019939
5.98 -0.0483214
5.99 -0.0791276
6 -0.111488
6.01 -0.144518
6.02 -0.177291
6.03 -0.208753
6.04 -0.238064
6.05 -0.264089
6.06 -0.286217
6.07 -0.30333
6.08 -0.31516
6.09 -0.320714
6.1 -0.320137
6.11 -0.312667
6.12 -0.29888
6.13 -0.278338
6.14 -0.252003
6.15 -0.219839
6.16 -0.183088
6.17 -0.142164
6.18 -0.0984432
6.19 -0.0527987
6.2 -0.00655709
6.21 0.0389756
6.22 0.0827111
6.23 0.122983
6.24 0.159115
6.25 0.189192
6.26 0.213087
6.27 0.228781
6.28 0.236776
6.29 0.235116
6.3 0.224939
6.31 0.204538
6.32 0.175612
6.33 0.136879
6.34 0.0904545
6.35 0.0356401
6.36 -0.0252434
6.37 -0.0921895
6.38 -0.162926
6.39 -0.23667
6.4 -0.311468
6.41 -0.385751
6.42 -0.458142
6.43 -0.526343
6.44 -0.589744
6.45 -0.64552
6.46 -0.693872
6.47 -0.731732
6.48 -0.760082
6.49 -0.775916
6.5 -0.780905
6.51 -0.772392
6.52 -0.752597
6.53 -0.719454
6.54 -0.675556
6.55 -0.619601
6.56 -0.554355
6.57 -0.479374
6.58 -0.39739
6.59 -0.308818
6.6 -0.216164
6.61 -0.120615
6.62 -0.0242858
6.63 0.0710296
6.64 0.163734
6.65 0.251644
6.66 0.333763
6.67 0.407769
6.68 0.473297
6.69 0.528137
6.7 0.572544
6.71 0.604646
6.72 0.625259
6.73 0.633027
6.74 0.629237
6.75 0.613157
6.76 0.586428
6.77 0.548975
6.78 0.502663
6.79 0.448034
6.8 0.387036
6.81 0.320715
6.82 0.250975
6.83 0.179204
6.84 0.107139
6.85 0.036317
6.86 -0.0317926
6.87 -0.0957016
6.88 -0.154285
6.89 -0.206288
6.9 -0.250976
6.91 -0.287476
6.92 -0.315463
6.93 -0.334535
6.94 -0.344773
6.95 -0.346271
6.96 -0.339482
6.97 -0.324962
6.98 -0.303481
6.99 -0.275961
7 -0.243415
7.01 -0.206995
7.02 -0.16787
7.03 -0.127254
7.04 -0.0863795
7.05 -0.0463583
7.06 -0.00838311
7.07 0.0266837
7.08 0.0577819
7.09 0.0844124
7.1 0.105732
7.11 0.121664
7.12 0.131653
7.13 0.136048
7.14 0.134624
7.15 0.128103
7.16 0.116612
7.17 0.101137
7.18 0.0821511
7.19 0.0607585
7.2 0.0377427
7.21 0.0141636
7.22 -0.00895248
7.23 -0.0307468
7.24 -0.0500423
7.25 -0.0663146
7.26 -0.078347
7.27 -0.0860391
7.28 -0.0882563
7.29 -0.0853553
7.3 -0.0764061
7.31 -0.0621929
7.32 -0.0421017
7.33 -0.0172537
7.34 0.0125598
7.35 0.046022
7.36 0.0828797
7.37 0.121797
7.38 0.162043
7.39 0.202453
7.4 0.241845
7.41 0.279406
7.42 0.313582
7.43 0.344052
7.44 0.369009
7.45 0.388718
7.46 0.401269
7.47 0.407534
7.48 0.405676
7.49 0.397121
7.5 0.380285
7.51 0.356999
7.52 0.326174
7.53 0.28979
7.54 0.247403
7.55 0.200948
7.56 0.150661
7.57 0.0982628
7.58 0.0446212
7.59 -0.00889973
7.6 -0.0609188
7.61 -0.110536
7.62 -0.156032
7.63 -0.197032
7.64 -0.231684
7.65 -0.260155
7.66 -0.280679
7.67 -0.293928
7.68 -0.298423
7.69 -0.295269
7.7 -0.283432
7.71 -0.264342
7.72 -0.237515
7.73 -0.204576
7.74 -0.165626
7.75 -0.122345
7.76 -0.0753812
7.77 -0.0263342
7.78 0.0237038
7.79 0.0733363
7.8 0.12118
7.81 0.166145
7.82 0.206741
7.83 0.242258
7.84 0.271293
7.85 0.293556
7.86 0.307911
7.87 0.314496
7.88 0.312581
7.89 0.30271
7.9 0.284643
7.91 0.25928
7.92 0.226894
7.93 0.188665
7.94 0.145333
7.95 0.0982651
7.96 0.0485653
7.97 -0.0023167
7.98 -0.0530652
7.99 -0.102254
8 -0.148537
8.01 -0.190614
8.02 -0.227293
8.03 -0.257498
8.04 -0.280352
8.05 -0.295087
8.06 -0.301266
8.07 -0.298489
8.08 -0.286828
8.09 -0.266288
8.1 -0.237453
8.11 -0.200743
8.12 -0.157187
8.13 -0.107607
8.14 -0.0533467
8.15 0.00441527
8.16 0.0641919
8.17 0.124523
8.18 0.183974
8.19 0.240901
8.2 0.294122
8.21 0.341926
8.22 0.383553
8.23 0.417358
8.24 0.443127
8.25 0.459414
8.26 0.466612
8.27 0.4636
8.28 0.451361
8.29 0.429214
8.3 0.398634
8.31 0.359463
8.32 0.313511
8.33 0.261185
8.34 0.204418
8.35 0.144185
8.36 0.0823029
8.37 0.020264
8.38 -0.0404682
8.39 -0.0979816
8.4 -0.151371
8.41 -0.198452
8.42 -0.239024
8.43 -0.27081
8.44 -0.294384
8.45 -0.307585
8.46 -0.311736
8.47 -0.305002
8.48 -0.289339
8.49 -0.263439
8.5 -0.229689
8.51 -0.187473
8.52 -0.139344
8.53 -0.0854924
8.54 -0.0283291
8.55 0.0310953
8.56 0.0908219
8.57 0.148971
8.58 0.204293
8.59 0.25424
8.6 0.298404
8.61 0.333852
8.62 0.361035
8.63 0.376971
8.64 0.38291
8.65 0.376152
8.66 0.358623
8.67 0.328203
8.68 0.287316
8.69 0.234648
8.7 0.172908
8.71 0.101724
8.72 0.0238572
8.73 -0.0600914
8.74 -0.147533
8.75 -0.236973
8.76 -0.326201
8.77 -0.413006
8.78 -0.495718
8.79 -0.571663
8.8 -0.639833
8.81 -0.69739
8.82 -0.744049
8.83 -0.777121
8.84 -0.797054
8.85 -0.801596
8.86 -0.791879
8.87 -0.766329
8.88 -0.726668
8.89 -0.672156
8.9 -0.604974
8.91 -0.525273
8.92 -0.43554
8.93 -0.336775
8.94 -0.2316
8.95 -0.121725
8.96 -0.00973529
8.97 0.102165
8.98 0.211591
8.99 0.316116
9 0.413698
9.01 0.501984
9.02 0.579393
9.03 0.643923
9.04 0.694545
9.05 0.729844
9.06 0.749398
9.07 0.752546
9.08 0.739488
9.09 0.710392
9.1 0.666067
9.11 0.607483
9.12 0.536009
9.13 0.453299
9.14 0.361198
9.15 0.261841
9.16 0.157444
9.17 0.0503589
9.18 -0.0569563
9.19 -0.162222
9.2 -0.262889
9.21 -0.357032
9.22 -0.442167
9.23 -0.51697
9.24 -0.579183
9.25 -0.62826
9.26 -0.662319
9.27 -0.681682
9.28 -0.684981
9.29 -0.673392
9.3 -0.646168
9.31 -0.605225
9.32 -0.550513
9.33 -0.484483
9.34 -0.407812
9.35 -0.323215
9.36 -0.232076
9.37 -0.137062
9.38 -0.0401961
9.39 0.0562162
9.4 0.149636
9.41 0.2384
9.42 0.31962
9.43 0.392494
9.44 0.453985
9.45 0.504278
9.46 0.540413
9.47 0.563584
9.48 0.571139
9.49 0.565186
9.5 0.543603
9.51 0.509215
9.52 0.460617
9.53 0.401072
9.54 0.330032
9.55 0.25086
9.56 0.163941
9.57 0.0723793
9.58 -0.0224998
9.59 -0.118197
9.6 -0.212516
9.61 -0.303848
9.62 -0.389279
9.63 -0.468289
9.64 -0.537456
9.65 -0.597404
9.66 -0.644584
9.67 -0.680596
9.68 -0.702157
9.69 -0.711631
9.7 -0.706317
9.71 -0.6891
9.72 -0.658095
9.73 -0.616445
9.74 -0.563203
9.75 -0.501508
9.76 -0.431376
9.77 -0.355696
9.78 -0.275366
9.79 -0.192825
9.8 -0.109678
9.81 -0.0277648
9.82 0.0508348
9.83 0.124972
9.84 0.192361
9.85 0.252571
9.86 0.303384
9.87 0.34506
9.88 0.375692
9.89 0.396147
9.9 0.405024
9.91 0.403681
9.92 0.391339
9.93 0.369704
9.94 0.338658
9.95 0.300098
9.96 0.254526
9.97 0.203871
9.98 0.149144
9.99 0.0921602
10 0.0342747
10.01 -0.0229369
10.02 -0.0779735
10.03 -0.129595
10.04 -0.176358
10.05 -0.217422
10.06 -0.251589
10.07 -0.278449
10.08 -0.297193
10.09 -0.307843
10.1 -0.310066
10.11 -0.304288
10.12 -0.290675
10.13 -0.270003
10.14 -0.242892
10.15 -0.210396
10.16 -0.17349
10.17 -0.133413
10.18 -0.0913519
10.19 -0.0486332
10.2 -0.00648753
10.21 0.0337732
10.22 0.0710469
10.23 0.104134
10.24 0.132213
10.25 0.154286
10.26 0.169929
10.27 0.178423
10.28 0.179798
10.29 0.173676
10.3 0.160545
10.31 0.140403
10.32 0.114135
10.33 0.0821276
10.34 0.0455523
10.35 0.00516801
10.36 -0.0377199
10.37 -0.0820221
10.38 -0.126473
10.39 -0.169722
10.4 -0.210717
10.41 -0.247937
10.42 -0.280697
10.43 -0.307415
10.44 -0.327882
10.45 -0.34058
10.46 -0.345833
10.47 -0.342308
10.48 -0.330856
10.49 -0.310448
10.5 -0.282392
10.51 -0.246061
10.52 -0.203089
10.53 -0.153333
10.54 -0.0985789
10.55 -0.0392059
10.56 0.0230462
10.57 0.0872709
10.58 0.151979
10.59 0.215776
10.6 0.277608
10.61 0.33567
10.62 0.38949
10.63 0.436971
10.64 0.47831
10.65 0.511263
10.66 0.536715
10.67 0.552443
10.68 0.559969
10.69 0.557258
10.7 0.546348
10.71 0.525559
10.72 0.497241
10.73 0.460282
10.74 0.417056
10.75 0.367138
10.76 0.312721
10.77 0.254063
10.78 0.193031
10.79 0.130483
10.8 0.0678471
10.81 0.00645324
10.82 -0.0527823
10.83 -0.108227
10.84 -0.159502
10.85 -0.20486
10.86 -0.244439
10.87 -0.276561
10.88 -0.30183
10.89 -0.318798
10.9 -0.328449
10.91 -0.32969
10.92 -0.323783
10.93 -0.310068
10.94 -0.289968
10.95 -0.263281
10.96 -0.231481
10.97 -0.194798
10.98 -0.154648
10.99 -0.111624
11 -0.0669937
11.01 -0.0216128
11.02 0.0234721
11.03 0.0672656
11.04 0.108989
11.05 0.147634
11.06 0.182715
11.07 0.213329
11.08 0.239284
11.09 0.259877
11.1 0.275191
11.11 0.284791
11.12 0.289
11.13 0.287676
11.14 0.281337
11.15 0.270128
11.16 0.254708
11.17 0.235464
11.18 0.21314
11.19 0.188301
11.2 0.161718
11.21 0.134047
11.22 0.106034
11.23 0.078339
11.24 0.0516357
11.25 0.0265028
11.26 0.00350296
11.27 -0.0169349
11.28 -0.034388
11.29 -0.0486245
11.3 -0.0593802
11.31 -0.0666407
11.32 -0.0703085
11.33 -0.0705796
11.34 -0.0675212
11.35 -0.0615065
11.36 -0.052756
11.37 -0.0417666
11.38 -0.0288919
11.39 -0.0146854
11.4 0.000393792
11.41 0.0158078
11.42 0.0310259
11.43 0.0455939
11.44 0.0589478
11.45 0.0707742
11.46 0.0805158
11.47 0.0880397
11.48 0.0928355
11.49 0.0949682
11.5 0.0940125
11.51 0.0902255
11.52 0.0833007
11.53 0.0736594
11.54 0.0611406
11.55 0.0462831
11.56 0.0290896
11.57 0.0101565
11.58 -0.0103413
11.59 -0.0318173
11.6 -0.0539266
11.61 -0.0761597
11.62 -0.0980145
11.63 -0.119119
11.64 -0.138839
11.65 -0.156986
11.66 -0.172825
11.67 -0.186386
11.68 -0.196871
11.69 -0.204539
11.7 -0.208576
11.71 -0.20946
11.72 -0.20641
11.73 -0.200094
11.74 -0.189813
11.75 -0.176379
11.76 -0.15922
11.77 -0.139233
11.78 -0.116018
11.79 -0.0904797
11.8 -0.0624445
11.81 -0.0327391
11.82 -0.00143572
11.83 0.0307673
11.84 0.063565
11.85 0.096418
11.86 0.128819
11.87 0.160408
11.88 0.190518
11.89 0.218974
11.9 0.245003
11.91 0.268614
11.92 0.28898
11.93 0.306286
11.94 0.319708
11.95 0.329586
11.96 0.335158
11.97 0.336894
11.98 0.334142
11.99 0.327478
12 0.316399